-6.1,0, Game: 0
-4.3,1, Game: 1
-13.6,2, Game: 2
-7.0,3, Game: 3
-4.3,4, Game: 4
-0.8,5, Game: 5
-8.3,6, Game: 6
-1.7,7, Game: 7
-10.8,8, Game: 8
-25.7,9, Game: 9
-13.9,10, Game: 10
-30.3,11, Game: 11
-3.1,12, Game: 12
-24.1,13, Game: 13
-22.0,14, Game: 14
-28.1,15, Game: 15
-23.5,16, Game: 16
-16.1,17, Game: 17
-24.9,18, Game: 18
-20.5,19, Game: 19
-13.7,20, Game: 20
-25.0,21, Game: 21
-17.0,22, Game: 22
-20.5,23, Game: 23
-18.6,24, Game: 24
-21.6,25, Game: 25
-16.3,26, Game: 26
-17.8,27, Game: 27
-23.5,28, Game: 28
-25.8,29, Game: 29
