-3.0,0, Game: 0
-21.0,1, Game: 1
58.0,2, Game: 2
70.0,3, Game: 3
42.0,4, Game: 4
66.0,5, Game: 5
38.0,6, Game: 6
72.0,7, Game: 7
65.0,8, Game: 8
42.0,9, Game: 9
60.0,10, Game: 10
-9.0,11, Game: 11
42.0,12, Game: 12
5.0,13, Game: 13
24.0,14, Game: 14
0.0,15, Game: 15
62.0,16, Game: 16
51.0,17, Game: 17
28.0,18, Game: 18
-10.0,19, Game: 19
46.0,20, Game: 20
42.0,21, Game: 21
5.0,22, Game: 22
36.0,23, Game: 23
21.0,24, Game: 24
46.0,25, Game: 25
44.0,26, Game: 26
30.0,27, Game: 27
25.0,28, Game: 28
-9.0,29, Game: 29
39.0,30, Game: 30
-4.0,31, Game: 31
41.0,32, Game: 32
17.0,33, Game: 33
13.0,34, Game: 34
27.0,35, Game: 35
34.0,36, Game: 36
6.0,37, Game: 37
61.0,38, Game: 38
4.0,39, Game: 39
9.0,40, Game: 40
7.0,41, Game: 41
35.0,42, Game: 42
23.0,43, Game: 43
3.0,44, Game: 44
12.0,45, Game: 45
5.0,46, Game: 46
7.0,47, Game: 47
14.0,48, Game: 48
38.0,49, Game: 49
-1.0,50, Game: 50
58.0,51, Game: 51
32.0,52, Game: 52
21.0,53, Game: 53
24.0,54, Game: 54
16.0,55, Game: 55
-3.0,56, Game: 56
18.0,57, Game: 57
13.0,58, Game: 58
48.0,59, Game: 59
21.0,60, Game: 60
5.0,61, Game: 61
29.0,62, Game: 62
15.0,63, Game: 63
54.0,64, Game: 64
39.0,65, Game: 65
41.0,66, Game: 66
2.0,67, Game: 67
54.0,68, Game: 68
19.0,69, Game: 69
19.0,70, Game: 70
28.0,71, Game: 71
18.0,72, Game: 72
13.0,73, Game: 73
5.0,74, Game: 74
9.0,75, Game: 75
-6.0,76, Game: 76
-1.0,77, Game: 77
9.0,78, Game: 78
22.0,79, Game: 79
16.0,80, Game: 80
34.0,81, Game: 81
34.0,82, Game: 82
13.0,83, Game: 83
20.0,84, Game: 84
24.0,85, Game: 85
-3.0,86, Game: 86
0.0,87, Game: 87
7.0,88, Game: 88
32.0,89, Game: 89
13.0,90, Game: 90
19.0,91, Game: 91
22.0,92, Game: 92
46.0,93, Game: 93
30.0,94, Game: 94
18.0,95, Game: 95
22.0,96, Game: 96
-1.0,97, Game: 97
12.0,98, Game: 98
-25.0,99, Game: 99
13.0,100, Game: 100
15.0,101, Game: 101
-30.0,102, Game: 102
-17.0,103, Game: 103
13.0,104, Game: 104
-4.0,105, Game: 105
1.0,106, Game: 106
31.0,107, Game: 107
-3.0,108, Game: 108
22.0,109, Game: 109
8.0,110, Game: 110
-9.0,111, Game: 111
14.0,112, Game: 112
27.0,113, Game: 113
24.0,114, Game: 114
-1.0,115, Game: 115
18.0,116, Game: 116
44.0,117, Game: 117
30.0,118, Game: 118
14.0,119, Game: 119
-24.0,120, Game: 120
33.0,121, Game: 121
30.0,122, Game: 122
9.0,123, Game: 123
9.0,124, Game: 124
30.0,125, Game: 125
-7.0,126, Game: 126
9.0,127, Game: 127
-4.0,128, Game: 128
-25.0,129, Game: 129
32.0,130, Game: 130
13.0,131, Game: 131
24.0,132, Game: 132
23.0,133, Game: 133
-11.0,134, Game: 134
-13.0,135, Game: 135
27.0,136, Game: 136
22.0,137, Game: 137
13.0,138, Game: 138
0.0,139, Game: 139
1.0,140, Game: 140
38.0,141, Game: 141
43.0,142, Game: 142
15.0,143, Game: 143
41.0,144, Game: 144
-27.0,145, Game: 145
35.0,146, Game: 146
27.0,147, Game: 147
48.0,148, Game: 148
-9.0,149, Game: 149
-25.0,150, Game: 150
3.0,151, Game: 151
22.0,152, Game: 152
-15.0,153, Game: 153
1.0,154, Game: 154
-9.0,155, Game: 155
17.0,156, Game: 156
-19.0,157, Game: 157
14.0,158, Game: 158
19.0,159, Game: 159
-19.0,160, Game: 160
17.0,161, Game: 161
30.0,162, Game: 162
34.0,163, Game: 163
-7.0,164, Game: 164
9.0,165, Game: 165
23.0,166, Game: 166
7.0,167, Game: 167
5.0,168, Game: 168
12.0,169, Game: 169
-2.0,170, Game: 170
24.0,171, Game: 171
56.0,172, Game: 172
-12.0,173, Game: 173
21.0,174, Game: 174
21.0,175, Game: 175
24.0,176, Game: 176
-7.0,177, Game: 177
18.0,178, Game: 178
12.0,179, Game: 179
-10.0,180, Game: 180
-10.0,181, Game: 181
16.0,182, Game: 182
8.0,183, Game: 183
2.0,184, Game: 184
3.0,185, Game: 185
29.0,186, Game: 186
13.0,187, Game: 187
7.0,188, Game: 188
-8.0,189, Game: 189
18.0,190, Game: 190
26.0,191, Game: 191
17.0,192, Game: 192
-4.0,193, Game: 193
26.0,194, Game: 194
-11.0,195, Game: 195
-13.0,196, Game: 196
-4.0,197, Game: 197
1.0,198, Game: 198
26.0,199, Game: 199
32.0,200, Game: 200
