0.85,0, Game: 0
0.8,1, Game: 1
0.8,2, Game: 2
0.85,3, Game: 3
0.75,4, Game: 4
00.8,5, Game: 5
0.85,6, Game: 6
0.85,7, Game: 7
00.95,8, Game: 8
00.9,9, Game: 9
1.0,10, Game: 10
00.8,11, Game: 11
0.95,12, Game: 12
01.0,13, Game: 131
1.0,14, Game: 14
0.95,15, Game: 15
0.9,16, Gam0.95,17, Game: 17
0.85,18, Game: 18
1.0,19, Game: 19
1.0,20, Game: 20
0.9,21, Game: 21
0.7,22, Game: 22
0.95,23, Game: 23
0.85,24, Game: 24
1.0,25, Game: 25
0.8,26, Game: 26
0.85,27, Game: 27
0.9,28, Game: 28
0.9,29, Game: 29
1.0,30, Game: 30
0.9,31, Game: 31
0.9,32, Game: 32
