26.7,0, Game: 0
33.85,1, Game: 1
34.35,2, Game: 2
39.0,3, Game: 3
37.95,4, Game: 4
40.0,5, Game: 5
40.8,6, Game: 6
40.7,7, Game: 7
25.4,8, Game: 8
24.4,9, Game: 9
32.6,10, Game: 10
36.0,11, Game: 11
36.0,12, Game: 12
34.8,13, Game: 13
17.6,14, Game: 14
24.7,15, Game: 15
37.0,16, Game: 16
22.3,17, Game: 17
33.6,18, Game: 18
51.6,19, Game: 19
39.1,20, Game: 20
16.0,21, Game: 21
16.0,22, Game: 22
16.0,23, Game: 23
16.0,24, Game: 24
16.0,25, Game: 25
16.0,26, Game: 26
16.0,27, Game: 27
16.0,28, Game: 28
16.0,29, Game: 29
16.0,30, Game: 30
