9.9,0, Game: 0
-5.8,1, Game: 1
-9.8,2, Game: 2
-10.4,3, Game: 3
7.4,4, Game: 4
-6.6,5, Game: 5
6.5,6, Game: 6
-3.5,7, Game: 7
0.0,8, Game: 8
1.7,9, Game: 9
18.9,10, Game: 10
-4.4,11, Game: 11
14.6,12, Game: 12
3.8,13, Game: 13
2.8,14, Game: 14
3.8,15, Game: 15
-4.3,16, Game: 16
0.5,17, Game: 17
3.5,18, Game: 18
-2.2,19, Game: 19
-0.5,20, Game: 20
-2.0,21, Game: 21
12.6,22, Game: 22
3.2,23, Game: 23
-1.1,24, Game: 24
7.8,25, Game: 25
-4.4,26, Game: 26
9.0,27, Game: 27
3.0,28, Game: 28
14.2,29, Game: 29
-12.4,30, Game: 30
